-0.03611076009395232
-0.02128162211237858
-0.023096482644242
-0.04599393254018529
-0.04111280662911137
-0.009243045642652518
-0.004530682500838314
0.006566240486079744
-0.02001649211849596
-0.03610301867957294
-0.02623977256519861
-0.02323867370044855
-0.01422059574577044
-0.01163464781614313
-0.02346330827262034
-0.02914036594969415
-0.02595291156563393
-0.01376631571062097
-0.02098193414213919
-0.02549012923463404
-0.02326057202150549
-0.01560913034788322
-0.007795221820422548
0.005129700034665938
0.003565072504352402
-2.130533245729611E-4
-0.01189336630323137
-0.008357169656244534
-0.01206641803071339
-0.01302843981415189
-0.001839018473856708
0.00555693992880961
-0.01035076790309511
-0.01719358414598772
-0.01305781699697448
-0.009560280151942211
-0.005044551824800076
3.430949147456508E-4
0.003958662978228181
0.004885533911444477
-0.007954310115005418
-0.01857782562530575
-0.01745622866163445
-0.006373786186477224
-0.01148888992158252
-0.01778023106154007
-0.02446719008007228
-0.02829661770864041
-0.01883846992103792
0.002778221651231266
0.009621841606033339
0.006955296700195028
0.002715127253572197
-0.00418124332956752
0.01415528846454909
0.01527656633460204
0.002733979440109671
-0.01282690249920028
-0.006250831991563224
0.01011001066650192
0.002195108508812392
-0.008016295649511734
-0.003786037845138346
-0.006990112493026591
-0.008286025813975
-0.007687705972682733
-0.00433122495233088
0.00669160320226613
0.006521841502571372
0.003184600353091511
-0.005939713436966206
-0.008121156514113364
3.442484205541726E-4
-0.01160316227503347
-0.0124090413174511
-2.042200291743684E-4
-6.518415493708192E-4
-0.007821356783233287
0.003351326301253314
-0.004092550410974132
-0.01901402661738064
-0.006924638440593678
0.001004913724615818
0.007105892402173935
0.00403193138255508
-0.01022769687858294
-0.01969160559352783
-0.002581471214634921
-0.01241174169417951
-0.01065890493223431
-3.968672049096014E-4
4.632065600341941E-4
-2.723926957750642E-4
0.003683139133466386
-0.001154082559313107
-0.004038641154034884
-3.185345717112088E-4
-0.01062525376206643
-0.007782575107178625
-0.008733603930399621
2.703814427675101E-4
0.008612579030056914
0.0143411667872911
-0.001186286628618883
-0.003407521116754586
-0.001063594088414085
0.005158903132513847
0.00712058000509175
0.01198627038789857
-0.01006967504072312
-0.01119415836306191
0.003708876556840297
9.259069424663357E-4
-0.003101576727863807
0.005256183863804578
-0.00833735341871619
0.009300698829043162
0.03024324623521518
0.005215904843908552
0.005178324951662905
0.02509701471239546
0.02147373436948165
0.02897589081421719
0.01718072291232727
-0.006686074953217331
-0.0207217734228762
-7.068119776686853E-4
0.004837706549817429
0.006441808053017173
0.01191293615890508
-0.00184401662067766
-0.00988613531806647
-0.00789419521230439
-0.01117560509780112
-0.01154856634416206
-0.01508623709130543
-0.004783025427468553
0.002673253049758918
-0.001172703407448673
-0.004722817185286717
-0.009812866580255812
-0.00890966712457448
-0.009957494474802896
0.008178635246157731
0.007666832386446755
-0.002206972665692091
0.004601783081970139
0.008345279440008336
-5.264175710328946E-4
-0.003547391721288023
-3.808453117973054E-4
0.002741923929148093
0.009182870528765772
0.0261287314164998
0.02439521593026638
0.01675334277307678
0.01752817551820867
0.01020677446451278
0.00449017319048766
0.01595583763468391
0.0282080689799491
0.02116003339985496
0.01193626508058624
0.01228083620739388
0.01256663870513826
0.01045802013596037
0.01510061067972369
0.01165553146582012
0.004723076107694148
0.003840970333691592
0.001034825251337437
-0.003277578627115398
-0.01066643712089498
0.009427479700999185
0.01611922400770851
-0.004878370599803036
-0.01266723561167663
0.002513655954178683
0.01200756538134063
-0.006661130476242146
-0.01294238768917568
-0.004298434247742307
-0.003481260100051065
0.003994989766977042
-0.003947624817749817
0.001695041878313851
0.008286303434781843
0.008641467446572113
0.01487958673515543
0.009259604690579371
0.006336601581036654
5.893828365873476E-4
0.01391181736820159
0.01016442511234115
-0.002196029972512813
-0.001429236574370035
0.007090741305730061
0.006373059669175507
0.01137528932624372
0.01492931184300102
0.0106150752916029
-0.005271427007235095
-0.008853991705471936
-0.005495759883749519
0.005766773327702438
0.004680592475309216
0.00968665517796659
-0.005774395685922084
-0.007548556919204232
0.004791982674262902
-3.093616322285861E-4
-0.009937657259937085
0.002541809085514486
2.537632205344755E-4
-0.00639004863212326
7.067795359669038E-4
0.003178505628310527
0.003758138532358651
-0.008219485089666674
-1.599489438712261E-4
-6.502109972193053E-4
-0.003615117985900636
0.01285970260251241
0.00799614604490066
0.003658220625290643
0.01046064507214342
0.001816370277438038
-5.933111033011372E-4
-0.001397845653389909
0.006498356652790502
0.001432850553614682
-0.003975674857813138
0.003955324734176787
0.001751393678190291
0.01254589230200767
0.001444010056793773
-0.008519448453841014
0.001259055205308991
0.007894418987024079
0.001824748224744304
-0.002515180700351468
-0.005924124919760951
0.002448524814578485
-0.004503248659431225
-0.002871330157676082
0.001911108203356182
-0.01474067113981847
-0.01314588108762559
-0.004212231879159003
0.002843351800157767
-7.501330524391772E-4
-0.004090800877702761
-0.01125285139683191
-0.01220338471367799
-0.004908840257856368
-0.00462126384148167
-0.008296481203013
-0.001302463730452388
0.003216033506189279
-0.003042939368946128
0.002933896840514362
0.005236975230070072
-4.839940783133821E-4
0.002418529434993947
0.01411632051251617
0.006059785897125574
0.004909134591417969
0.005513800089664422
7.839323444803038E-4
0.002329902687255965
0.00382106886566429
-0.001222470115680241
-0.004251591931780766
-0.006002308968963309
-8.999488074278024E-4
8.574660203510625E-4
-0.005921907502436227
0.006077969791453718
-0.002703751877490871
-0.009811550700287231
-0.003134117006181768
-0.008152542465853042
0.004361108355038676
0.00923762119968135
4.600228124428154E-4
-0.006723331908135374
-0.007093740813556754
-4.847372227066723E-4
-0.005106342422199437
-0.01147160489549738
-0.001277970421950621
0.006630027868944536
0.01097646878833012
-0.007341283159874683
-0.006405565878526512
0.004939131086646076
0.001821445243692023
-0.004467440699550538
-0.01026357298385812
-0.007244255224666032
-1.230734776908565E-4
0.006212962536870643
-0.001406984044322773
-0.00650237022324044
-0.01179335052174892
-0.004337163876064453
-0.005511219884479833
-0.01360891863410596
-0.005336610877662165
-0.00817739000835587
-0.009508087162433856
-0.005201915267146127
-0.005022286058409951
-0.004985024290869629
-0.005510339955776187
-0.004050719302497958
-0.006824684918578694
-0.001718735215200872
-0.003107371518491618
-0.006136335314283967
-0.00216599605787258
-0.004247347512780935
0.01288018564621936
0.002558118112481197
-0.009550186457590336
-0.004458480481618179
-0.003117099965037016
0.001051454577822795
-0.002913016545355412
-0.01035542902476937
-0.004582707501051998
-0.003996593893082743
-0.005587754572251138
0.001197605302876514
-8.99390760229202E-4
-0.005994139237694025
-0.005477637879311062
-0.001648415473680292
0.001056765137099006
-0.00638388563071594
0.004992703516003291
-0.004091446159769471
0.002445713069241532
-0.003202852688759065
0.001800089758797501
0.01146232237452742
0.01673730168703633
0.006827284851739408
-0.001048929966504669
3.854472112438994E-4
0.00457732597665492
0.01325441151371985
0.01541561166516843
0.01030548009540935
0.01505353492462323
0.01632555765958409
0.01137450229149176
0.01165126163030015
0.003392822856385684
0.005427406820570941
0.01562248411279518
0.00495180310685953
0.001646091121339123
0.001218198688420663
-0.002808265225395987
-0.00550407353739708
-5.659047729383061E-4
0.004060881190910915
-0.00124609846208665
0.005246844676000542
-0.002635071733940303
0.003585472741742819
0.01968204653136913
0.009067125251800742
-0.005003662562949179
0.01153970583029357
0.00685129439480992
-7.166468402940834E-4
0.005650662007416209
0.004900434167419403
-9.39793533558608E-4
0.004952021240785929
0.01588281923551581
-0.003026114371557777
-0.001924904752471324
0.006734269729838809
0.004242939304430028
-0.003450574641718131
-0.00227149474859975
-0.003852081227315075
-0.009221995504021158
-0.01262373006590639
-0.01146566583938501
-0.00765128155130159
-0.003151468847244508
-0.008057013055594309
-0.004708060886133086
-0.005431370157965358
-0.003617362561602513
-0.007839993625831817
-0.003749887049667877
-0.01231374860153893
-0.007848619669686875
-5.125546669085049E-4
-0.001743167230571779
5.315253289165941E-4
0.003812348191282297
-0.008024431331919952
-0.003078705291096733
0.002323075804662121
-4.25443315435401E-4
-0.00285071678693337
0.00204628320630139
0.00495936226736638
-3.474807643597445E-5
0.002474958594290015
0.002804307920369481
0.004592141234578127
0.002111380208331537
0.00985887412474279
0.01418074023589152
0.006939224644127522
0.002296372758321044
-0.00227964753168428
0.004087799494897688
0.006507200819700389
0.002647077068375084
0.0108443289972647
0.007209353704062293
-0.001325203552339252
0.005535393930474089
-0.003698796623385655
-0.006108489425592637
-6.413530359289372E-4
0.005378241617728373
-0.005862159440633004
-0.005882659965381776
-0.002553308750720604
-0.004972282756524886
-0.00316069148196596
-0.01602244159463863
-0.01429842330287385
-0.004269140070141873
-0.01007144119317166
-0.01276158988976498
-0.003292147901442844
0.003258460253621794
-0.01100032469446466
-0.006338226214827471
-9.315211806235321E-4
-0.009771933381678767
-0.001937624532405235
0.0040621403706358
-0.002938095374258568
-0.003626541902278712
0.0037910528395904
-3.559906440121418E-4
0.001200024774787184
0.003847477811336467
-4.885668755515199E-4
-0.001725312259120821
0.008491658802710087
0.01036613399948932
-0.001906760112439642
-0.001794773928457107
-0.001596068951861799
-0.003948372291477418
0.00446391518384263
3.565194886447793E-5
0.002341774273425825
0.01278564133636203
-0.003694053585946274
-0.008694534389725775
0.001169316201779641
-0.001200193232798297
-0.006207889619304054
0.001987666163836125
0.006140545562578229
0.005795777502640911
0.005889115697929646
-0.004000896408867319
-0.002440977484342074
0.001603703974617756
-0.01603132155810271
-0.01504704646818232
-0.00165177564007837
-0.004188093924048032
-0.006008039888309179
0.004781741640458669
5.112380525280884E-4
-0.005154663915927482
0.001033128204502903
0.007628625489119569
0.005059654997989094
0.00889386623201593
0.01090483311652291
0.01121509893406818
0.0115890138243653
0.003400945656132029
0.002587031045501387
0.01542631341600406
0.01284516174953778
0.01634044712379793
0.01513920578460226
0.009656440144856643
0.006384553944972739
0.005955824278512857
-5.157842073970987E-4
-0.01061520307002081
0.002761502528900368
0.00110505475245486
-0.003080026125774608
-0.005978124465076942
-0.004453436789702457
-0.001229178442437726
-0.004616375182890308
-0.00568062422763597
-0.001891133221568864
-0.001641071355799018
6.832670946827617E-6
0.00199730767238078
6.116552108858558E-4
0.004603174149370329
0.01210454383582595
0.005029601553142559
0.007504410166228747
0.01035660782168119
0.00824121141828427
-0.002170098167530788
0.001039299720660909
0.007939826178261538
0.001975485975434782
0.011072431187198
0.01266112545084332
-0.007214431606769522
-0.004011094826970226
0.00842554060049935
-0.002626734569515577
-0.006214991021445273
1.124946401147984E-4
0.003328282774892766
-0.002978772139123118
0.004480276012308499
0.006759130467385546
-0.003081555869498757
-0.009864935444418967
-0.001133905141689686
-0.004358951924427387
0.002053361423026203
0.005100437339649529
0.002599830393585784
0.00607808617935628
0.002578739193063834
0.002153066250474151
0.002928917199808165
0.008247628062790316
0.007422104349239236
0.008592780630544682
-5.47855392019004E-4
-0.004912172331817751
0.008955379493252692
0.004286642550568672
0.003684603092181879
0.01192074630907077
-9.175664319747649E-4
-0.00424668437122456
0.001050030228502807
0.006585429065348864
0.006209005471149338
0.003393068782058894
-0.002498756763172849
0.003706112572908062
0.002466887468264501
-0.001619529172090283
-0.001849818049506356
-0.004501534820565136
0.002605816991887773
0.00408640063397795
0.005264731779642842
0.01187279809953844
7.4870260803175E-4
-7.110724455407156E-4
0.001823079263489333
-1.080897611259226E-4
0.003689680372649913
-0.00125221690792068
-2.3169895314503E-4
-0.003584558344908541
-0.007351388160001803
0.001299994919369282
-0.002242725212537096
7.755951436131935E-4
0.003889574941529448
0.006393155364291314
7.326212863643525E-5
-1.768774918373127E-4
-0.01056696422898425
0.002715047614513618
0.009290156342591442
4.627344923171156E-4
2.130090814769195E-4
-0.002034347174034069
0.00835289664984481
0.003436463847857972
-0.009147948132563989
0.004352618365194726
-0.001514442044016638
-0.01030799508902987
-0.00790710181944851
-0.006124157183821834
-0.007162983139808886
-0.001418579913903755
0.001910086420576428
-0.00850823658224425
-0.01544765608781707
0.003250611497315473
0.003665186303870524
-0.002006234338927515
-0.002380099135425298
-0.002947266536287189
-0.004580169332966368
-0.001476640719170312
-0.005453768568727743
-0.004367393861100557
0.002292023820069475
-0.00656472573495512
-0.001758075356597751
0.003737620391515255
-0.008473261418505683
-0.00912960472919691
-0.004576079141742517
-0.008022385862887517
-0.006260766105720216
-0.008511527049508425
-0.01061565661066487
-0.00893075310556944
0.001599132795271996
-0.008654213394880619
-0.002005216607078995
-0.007627051307008283
-2.545266346153691E-4
-0.007245849400932807
-0.003573810734393475
0.003892955088178984
0.002280413632583403
0.003413285854253042
3.983150512322661E-4
-0.008245051665562287
2.542930280058505E-4
-0.00103911064017714
0.008025236671538982
0.01232321949583668
0.007374506354290731
0.00932433793921366
-2.914513753919345E-4
-5.966135906463585E-4
-0.003547730611470676
0.01074508591843326
0.007557509009765762
-0.006271276797029465
-0.005421671092781949
0.001763192702541856
-0.001944150282027379
0.00351953800380505
-0.001826438647176672
0.00473117189374149
-0.001225990286018854
0.01011064452047184
0.01023018518376353
-8.144480623542938E-4
0.01148865342673327
0.001811398885082753
-0.01108359131683628
-0.003401120354386577
-1.953910438745442E-4
9.634128379231104E-4
-0.004816405651123594
0.002985938026260114
-9.162262111475934E-4
-0.007960181879138157
0.003313408865369809
-0.005772994184136116
-0.01040732286574691
0.001290257716115381
0.004553937184062286
-0.001381515130047187
-0.005169224036622758
6.03607931466357E-4
-0.008791054452490938
-0.005483336318988386
-0.009152546840183748
-4.318322889726578E-4
0.01127264826535568
-7.255236366532778E-4
1.637394002563046E-4
0.005100282186326664
-0.001982883232752536
0.007382816165947301
0.007648975055730809
0.002089234144315547
0.001795215209173149
-0.001195443943460046
0.0129126841170137
9.592156111773267E-6
0.002845411761133994
0.003586977543484476
0.005816467266596345
0.003075536337501053
2.82927146539512E-5
-0.001437139262155138
-0.009050251492227301
-0.004980364321342266
0.005265761539909514
0.001349388745287986
8.168024814893336E-4
0.006456626778401301
0.005022684749794479
-0.001487788752545836
-0.009048789611627799
-0.002172274550562783
-3.446314127967409E-4
-1.603689665151045E-5
-0.009301207648582263
-4.226472658142444E-4
-0.00509183019218934
-0.004258686474890284
0.002940472038754876
0.003605846413202773
0.009288337351022252
0.002118138153873419
-1.336651169043591E-4
0.002194964141042039
3.46282078452673E-4
-9.525851761268756E-5
0.007987034955676164
0.004952579842472187
2.21369378114294E-4
0.00304730185029633
0.002153251188442111
-8.279712885916268E-4
0.001863575840617436
0.004728403631095671
0.005773533088904702
0.006640526970285353
0.007503088632742407
-2.433588430923403E-4
-0.01178988827908011
-0.01212255984191391
-0.006065337673340745
-0.003203499721242459
0.002892669875125012
-0.003104745551182022
0.001757659966595688
0.006109313753536555
0.01065254873331552
0.006187108150516493
0.003934717722614736
-3.994357393613866E-4
-0.002732916627782297
-0.006366571329734885
-0.01198186436757511
-0.002733546289428512
0.00754475732082044
0.008255917208474057
-0.002427888089657521
-0.003807634870116481
-0.002467063891348272
-0.002605228195060276
3.02554204111645E-4
0.002584031731289267
0.008305563727811247
0.006268588234180815
5.242954814485627E-4
-0.006584611951502279
-0.006706634559237787
5.323862679011372E-4
-0.006161536967446876
-0.01126255494400158
-0.004557412427938039
0.00373882569176527
-0.01029702024682932
-0.001519396499665023
-0.01017650940417853
-0.007495701875651099
0.001379547020939332
0.006748642159548551
0.004277880334501233
-9.34295726884902E-4
-0.006742062789143316
-0.006019576729441571
-0.002340784924460236
0.001077867853924859
0.003544559581609581
0.003413248110100125
0.00112602748306509
-0.002733248881388734
-0.002204214755509204
7.567361532049505E-4
-0.001079099030452561
0.004920895116854424
0.002213341033575907
0.001570649341706904
-3.262680008477574E-4
0.007875077781569687
0.003058080259349615
0.007227896118760344
-8.605116726985152E-4
-0.005490784974290184
-3.30364170287002E-4
0.006322417995314118
0.0155955375992185
0.007099831721675848
-0.0019598885962802
-0.009451947024778262
-0.003950161758905912
-0.003402907047142095
0.005139367366864588
0.004471456138090071
-0.00111346043219883
-0.003521943185029306
-0.003772240369101761
0.001178329290766478
0.005630456019994711
-0.001004890670192059
-0.006553299188459964
0.00258477634258954
-0.002763449257251421
0.004720219574924643
0.002965687109865628
-0.002156697994660695
0.001573444838244668
0.008622332457443085
-0.002534381442773593
-0.004481847018954072
0.004708280521573659
0.005059414675132064
-0.002282776659160188
-0.005427449785488867
-0.005872984642271896
