-0.03467128151514732
-0.03685716628608795
-0.03442536555075532
-0.02424125717525007
-0.021488680128300675
-0.02892459389437518
-0.014632747797099215
-0.014467071472987739
-0.006008545820638919
-0.015669767353340174
-0.024228905667680215
-0.01331543537954604
-0.022244379963243355
-0.018825921973423556
-0.011507438246270443
-0.018976549514749252
-0.014040018845046777
-0.008538842986601536
-0.01993705489400063
-0.019389414943252494
-0.017642687971319085
-0.016179308407709817
-0.023212229448764412
-0.011458568903924793
-0.012825482434764545
-0.002378236722450907
-0.006551684476175029
-0.005894844037989039
-0.005516138181685888
-0.002214721626338408
-0.005614769209860122
-0.00773228479374703
-0.014582430086256802
-0.013558196576779077
2.208089945557663E-4
-0.0035708469047722896
0.00367185611038726
8.423137938937071E-4
-0.007458856125849743
0.001045398909482416
0.0016631985691245715
-0.008917302213493494
-0.008069642339269264
-0.006420747158088476
-0.012456314101579507
-0.003910892899236674
-0.0026005241830073544
-0.012435590789107316
-0.01507930715550538
-0.01469928559002629
-0.01294101860519274
-0.015463707756645248
-0.01172741152585789
-0.010297366257393836
-0.009996541557305295
-0.008804684409405315
-0.0032381087586513153
-0.006329157143874601
-0.0025511088237653193
-0.007920577055634915
-0.005052072949732413
-0.0039295503248181676
-0.007112228259127387
-0.014160981293150363
-0.01005274265734421
-0.0063006723793487054
-0.008165638489802512
-0.003257271836574879
-0.0013413304955523819
-0.008009711349753377
-0.013542655702738502
-0.012881748660194042
-0.0022494776957844727
-0.0027975403414139967
3.9825907612653323E-4
-0.006457884137861983
-0.008934820029766272
-0.004709315284120004
-5.789316088356737E-4
-0.012854636877709361
-0.0061364474340586716
-0.0032650608143915075
-0.0029112166630919263
-0.009472104247323651
-0.006164465479690965
-0.009395755224394937
-0.00491377517170065
-0.0031908324093497414
-0.00300165310971272
-0.00620041322092165
-0.009748541041941602
-0.0042566131725360985
-0.0029916624539517976
0.00166149374810441
-0.0011437933827695126
-0.0029357615692297188
1.9464579256492742E-4
0.004213041702440302
2.5603155608058624E-4
-0.0035055524534180556
-0.005484883121960425
-5.471948922809686E-4
-0.003958894935949162
-0.0015651782463182962
0.0086004525840478
0.007166974300378982
-0.003869713764360159
-2.7489198929207684E-4
0.0041729920065767855
-0.001211310720479286
-0.0015127160326696774
-0.006596112385896888
-6.679458961993246E-4
0.012090233399580775
-0.00254317169233282
-0.005116107810014694
0.00600975890621359
5.210309102880592E-4
0.005334824737898221
0.004021790747339185
0.002707523622998745
0.00244643070150622
-0.0045763014525799185
-6.312422748148838E-4
0.007389780939437963
0.003228522121548428
0.0027972958073930972
1.646924901376719E-4
6.636097287813116E-4
-8.264466185604832E-5
-0.005752982524845049
-0.0031082722985234477
0.001713059311821645
-0.0011486038289141578
0.002196951437925022
-0.004142437474546179
1.2552366324069015E-4
0.0012900409465026585
-4.4503881845742497E-4
-6.661898478063583E-4
8.849073055684616E-4
7.960047354720365E-4
-0.00372549488904975
0.006124779734129557
0.0075449720859020785
-0.003927560120300187
-0.0054371879777729455
-0.0017249830434971896
0.008399645940936427
0.0018181233193250437
-0.002042437428652117
-0.0031126172551472282
0.0027332383092090237
-0.004855829552678485
-0.004800049365671254
-0.002892298873885381
-0.0010827133076147086
-0.004656135639421578
0.004024889608056253
5.209913917666803E-4
0.002137858057327691
-0.004887371522232675
-0.004447067199780392
-0.0044349966948332995
9.433001484408295E-5
0.0038242855169008743
0.00129267443299704
-0.002604922358391767
-0.0034128113358522024
1.9936662135262994E-4
0.0023119598780676934
0.0033899299881548065
0.004571040791262343
-0.0045586140395821135
-0.0029635275101959377
0.0026306909434014743
0.003537810138540602
-0.005503550887964927
-0.005792618583864168
-0.004042187769466992
-5.12708227519411E-4
6.090440527106757E-4
0.00635109801843451
-4.2148374719554296E-4
0.0028806803115521717
0.0012034621316646405
-0.0017844916356146753
3.943670578903195E-4
-7.108607705346538E-4
0.001213607042032219
0.005622590221723251
0.0010729182914892951
-0.0028146976581068747
-0.004431695218858022
0.006035127360295541
0.0012835411926258274
0.003084101761314125
-0.005408002918252047
-0.002633294324597004
0.0010003226338441828
7.450713775215946E-4
-0.002895252853523851
-0.00279668462423511
-0.001946079581783015
-3.0216878144086884E-4
-6.105778309579784E-4
-0.0020235231106530845
-0.0037346817726616414
3.221235865274086E-4
-0.0023929160326680234
-6.361410968325058E-4
-0.0027957823792337743
-0.0034888390050756037
-0.001777893871420336
0.0033116797090472186
-0.0012313200434243118
0.004517818540923191
9.330155637440659E-4
0.004435835171266702
-8.163743113446543E-4
0.003299137925098205
-0.0012464655013596706
0.003257209018353276
-0.0019291612255925787
4.267053083070473E-4
-0.0029766487236878927
0.0015550990191196851
1.8078409486755516E-4
0.0013157375844976718
4.670721393619047E-4
-7.223015324701471E-4
-2.73589351369507E-4
-0.0020263386698893843
0.0041970542585960035
0.004518481712041378
0.0038411375028519607
-6.88229320868386E-4
0.0031398597883908704
0.0025963745995750322
0.0019009876815382378
8.824736227358681E-4
0.0012569526840222793
0.005153458711635535
0.005077116023115585
-6.932145708587484E-4
-0.0010098928813336865
0.0018180614158344306
-0.0032547563074531113
0.005001885961338164
0.0017580452444227069
-0.0016856737190964544
0.007417553917840662
0.006332429028801503
0.0010368437420433777
0.006491335356071232
0.00665553234194773
0.0027244331045808805
0.0018893260782761577
0.0040037417563998515
0.0024900516409074296
0.0034318380855954816
-0.005074343005013379
-0.001889767428901714
-0.003096599393641018
8.791063136489393E-4
0.0010455962635703964
0.003998647766565832
0.005795271947560121
0.006680908481317846
0.0029106073810885834
0.004143470786333504
0.0028979454435374735
0.004632096327664873
0.003009372494939941
0.008108691161141105
0.007650334922038623
0.003067006446209907
0.005554613566177142
0.005854713950322075
-0.001466679910477403
0.0024637892713774375
0.0014545457575154237
0.01072603595391969
0.0050956701198815145
2.1692180070121263E-4
0.00289543189362736
-0.002494677738650626
6.329834881926886E-4
0.0028413349304842045
0.0029588123310037243
0.00372628802379206
0.004044838726921813
0.0035798279974934735
2.021702567897455E-4
0.0014823923028468543
0.0012197839986899243
-0.001889158596702665
0.00252144799176175
-0.003755501424582147
-0.004246620700091718
-0.004284429468510356
-7.588405961477374E-4
-0.004157045504564427
0.00470499142897054
0.004986848905510963
-0.0019051854848545176
-7.160500764278455E-4
0.0018289086676665164
-6.377279356472561E-4
0.0033554342565920033
0.0013967912759589689
5.409832378539468E-4
-0.0018471587676990515
-0.0012581482767526234
0.003932379166404481
-0.0028113337472890445
-0.002760630320171917
-0.00651746113733722
-0.0029352194731474273
8.372468081961539E-5
0.0010976272977619595
2.1113363379118657E-4
2.55698497259703E-4
-0.002277898899310109
4.143804805588934E-4
-0.0012172601033464195
2.4445607012004296E-4
0.0019874865487332807
-0.00124271740663947
4.0069941123330107E-4
0.003970341346449638
0.0027390385654891478
0.003556426588243246
0.004736177861072103
-5.010584794554358E-5
-0.0020455250889056214
0.008566970904003471
-0.0027850337998354385
-8.605271994092425E-4
0.0025408050988144234
0.004185916319986601
8.793390356059487E-4
0.006186570677524712
0.002502448718360407
-7.479439281111237E-4
5.709659687458806E-5
7.91756127119622E-4
0.004327407180907489
-5.96432193740761E-4
0.004259798362064559
0.005244742282291493
-0.0021565026216018167
0.0018535938826213124
0.006166392656891453
0.005540794025746566
-1.5669571121113327E-4
0.0031075470632609408
0.003389095715770136
0.001994542599407558
8.411298912155083E-4
0.008246448848210129
0.002830697045828822
0.0028564363110218332
3.984212856700077E-4
0.002591025254077407
8.940498799346192E-4
-0.00559203316511504
-0.0015152934273319522
0.006963460685109967
8.956678221611868E-4
-0.0016806872997480544
6.336666192723698E-4
-0.0054019789241653736
-0.0016828459874943015
0.0016269086466978845
0.008386862098300182
0.006362070315643015
0.003861594832524618
-0.004923942241865802
8.360147108898533E-4
0.0026296457913251733
0.002796104447924041
-0.0019390949450663229
0.0012780564015427288
0.0024299533489788934
-0.004956755991312467
0.004191947857414062
-0.00652358136444986
-0.002704675296099584
-0.0016592150721378646
-0.0022628034420264873
0.0011854222123294047
-0.002432921707976089
-4.670090276033279E-4
-0.0016268386231180591
0.0017411504476618981
0.0024408721493607223
-0.004712935070116026
0.002398590370619425
-4.8711096715122116E-4
-0.002008964881036857
0.002042236678870581
0.0021098121980633734
-2.3461868869812858E-4
-9.12033324970798E-4
-0.0018765169976167051
-0.0013988284712609601
-0.0013736724932478957
-0.003790776026519381
-0.0015721217561099898
-0.0010060608985901854
8.865055655316428E-4
-0.0010684115369256838
-0.0021824720384664
-5.483851134087611E-5
-0.0035207391549427936
-0.003568348293948604
-0.003679969596219064
-0.0021329991105778277
-0.0022183786305053636
-0.004157940484668856
-0.005324546013625271
-0.0031716279383628954
-8.907909657315342E-5
0.009301544869060173
0.0018798053917249606
0.003785529642338697
-7.189524835516095E-4
0.004327919909137341
0.0011373119054668972
-0.0024275320674193184
0.002540239265590338
-0.0023840148292445
-0.0015064257879286117
8.057790677218099E-4
0.0014123507060437735
-2.4900731815617343E-4
-0.008033477213851939
0.0010238486808811663
-0.007134628898478208
-0.00540559918015806
-0.010180415058273183
-0.004412441343396375
-0.004358785933669742
-0.002278231830737949
-0.0024815534218151684
1.535999716108412E-5
-0.0032023174959986563
-0.006579188879089416
-0.006626049539315408
0.003790287223192098
-0.003416714007221104
0.0033317061974414575
0.003022362622816763
-9.871071207569135E-4
-0.0024125556720898315
0.004907028545573354
2.8934040453878693E-4
-0.003276130775684749
-0.0020010475393186047
2.152552092771643E-5
0.0011738693257752977
0.005096380491085247
3.9081031463026814E-4
0.0033863055430377303
-0.0040412653574867724
5.514618919321008E-4
-0.0015847635090513734
-0.0016262741631262636
-0.0027452144472833308
0.001623353143866884
0.002809384823355899
0.002162841696432721
-0.00194823310095857
-0.0045214236030177496
-0.00487583778273836
-0.004081716510519625
-0.0044016919455920145
-2.860848394079576E-4
-0.0016774897336815527
-0.004095067448655649
-0.0032793677407049037
0.0026030783302391186
4.707143900243243E-4
-0.002601953435642822
-0.0018534928931125032
0.0024786621673118458
-0.0028557945889987686
-0.0013068350613102727
0.0011513967161508982
-8.545379835670621E-5
-1.8898289381341884E-4
-0.0014664846946619732
0.0019025187442842952
-0.0018257022985611164
-0.0028220528133557723
0.0023193441633150218
0.002114359444317968
0.001979637699198731
-0.007990822667631042
-0.0024131579005072673
6.920296586958018E-4
0.0013543557110369077
-9.376263178031294E-4
-0.002963192471093598
0.0023697212642241005
0.003967480456220824
-0.00649431782624087
-0.0018416956058258788
-0.0034481880952704816
-0.0015769247739203251
-0.003459765828442224
0.003342072882420727
0.0018839945434534235
-0.0018754889457524356
0.0011693169275830966
1.0765840335808715E-5
4.832265057420704E-4
0.008023046925763494
0.003451519016903302
0.002517970250080745
0.0026323412331406486
0.0033486237799437643
-5.859485601082819E-4
0.0057476600312576015
0.00280977481430382
5.967452672706266E-4
0.005079497460691825
0.003328590225961775
-0.0035491472584222965
0.004863421674807131
1.943789753564394E-4
-0.005509823867552588
-0.0021186552884908567
0.004979319417288686
0.0036759632710595194
0.005433487084558313
0.0027971397639324973
-0.0010018292090208237
-0.001017368663437047
0.0052903269913550455
0.0012139036863396265
0.001586908481623105
-0.002686008269092336
-0.004413847493637202
-0.00417392389379509
0.001266110106900376
0.0010245311541020577
0.003927676045937793
2.966997556193252E-4
0.0023303622449460984
0.005355877015811445
0.0034445739960665606
0.0020453239184396927
5.176877108744009E-4
-0.005887447527090504
-0.0035381354079899174
-0.0035568664752709156
5.11924767211069E-4
0.003582793065407055
-0.004729655280247697
-0.005677054773990629
1.1374487714807824E-4
-1.240302202961713E-4
0.004346121763961007
-0.0014052361581816542
-0.0027980946975333294
-0.005464754627738965
-7.028699468341184E-4
4.222328727750344E-4
5.710018404998632E-4
3.178086716768773E-4
1.7096554950631724E-4
0.0014142054451091498
-0.001152673026419387
-0.0011095741502789532
-0.0022231618193652727
-0.006786825007075066
-0.0012436842531458664
-7.00349666946915E-4
-0.001529414815945627
0.0025557469176249355
0.0028535677182570363
0.002868196348609886
4.06371287500567E-4
1.1530416813206963E-4
0.00510553789385732
7.625296332159644E-4
9.098568501287324E-4
0.0013289057235450349
-5.3476754447447225E-5
-1.0134648623707533E-4
-0.0020824563038608934
2.4378344516162633E-4
0.00445817077973308
-0.0018833357367529484
0.0033816570655847487
0.0029552820063774754
0.002211895087092346
0.004586505696327992
5.209445465937194E-4
0.003370514401974048
1.3450320148153164E-4
0.0011602940275298043
7.708198079729268E-4
-0.0014422809359025594
0.0010213652633936593
0.00470825812439879
3.9042199233494556E-4
-0.0018163860946090852
1.499616345714882E-4
-0.0013104745700257435
0.005415315161985935
-0.0013354886809315862
0.003557798126784762
-0.002252031609846919
0.0019739250634433
-0.004505017090500148
9.229488490836452E-4
0.0010168802672548777
3.178610180724626E-4
-9.728340188928706E-4
-0.0032185034425335924
-0.0024196381209115065
-0.0028594763950613865
-5.657422791514639E-4
-0.005897868634000655
-0.0017632359816726268
-6.248037733903303E-4
-0.00285341042557337
0.0013692794050938258
-2.7117807475630446E-4
6.689108779850869E-4
-5.41913335278887E-4
-0.00311286689243387
-0.0015003887852791022
0.001575700319815759
-0.0018921221924850281
0.0024144083980088063
0.004380461257425441
1.9403081966112853E-4
0.0021525756678194203
0.0031876672720000457
0.0018148147781274183
-0.0017034477658285033
4.63542865761874E-4
-0.0018243872931005356
-8.29148207902915E-4
0.007232197244807619
-0.0015592744402707418
-0.005275633398957119
-0.003093379266836715
-0.0010109005295249208
-0.004834910919835319
-3.015549725642928E-4
-0.0035251080892971225
8.30062799380469E-5
6.165660261507217E-4
7.402458089439857E-4
-0.0037787871415711923
0.0024380591630501175
-0.0012367390321164
-0.003446245530774598
0.0029862143591832964
0.00564472389844442
0.003174172011693762
0.003111338147462927
-0.002263777267556847
0.0035609346081679947
-0.001466602184777654
-0.002446049157815221
0.002904623436694108
0.0026698066032245006
0.003934232366214004
0.0017002675960729886
7.626077013434657E-4
0.0022886752434584726
0.0021659961734063296
0.0012479076358302128
0.001713249927088184
0.006454499590934756
9.017854870765042E-4
-0.0042186138645993855
0.006127120007112167
0.003348461972427177
0.001186995810969311
0.006601708055030442
0.002930647784215215
0.005874519113156143
-8.005104902719761E-4
-5.779309937269035E-4
0.0020646968196455446
0.0017733080340873307
0.003035613088815723
-0.0017532005831022341
7.684855145870537E-4
-0.0023990766843070273
9.207493448858055E-4
-8.667909324453627E-4
0.004183199389318027
-5.327304230083593E-4
-0.003860668872333474
0.009967186352203665
-5.47333086035363E-4
0.0031557377799640053
6.091674284458412E-4
0.0011511393045189272
4.0060671309902906E-4
0.00439241656337753
-7.802844246616014E-4
0.0020934459311438246
0.004561943444632308
0.0057552884280511795
0.002209496028838421
-3.283222197290187E-4
0.0020372533337630673
-0.0015910290355541153
-0.00209813760618266
0.001016270179305888
-6.80364956481627E-4
-0.004328883766169616
0.00178717047150827
0.0016671940405623548
0.0018403671796380025
-9.490638965987857E-4
-0.002715132800621785
-4.0150919249406125E-4
-0.0010225635475912328
-0.0014072030317349843
-0.0017079569406866907
-0.0011776526016017421
-0.001736376816415538
0.0034515107583085835
-3.85339273438334E-6
-0.0019826886222012296
0.0019125515057803171
0.0017892258968047706
0.0069965630134721886
0.006533610939989412
0.0015862621232711068
-0.0015351694234863342
0.0015883327393038432
0.001979528941967864
-0.004420292755800075
1.827878340334785E-4
-0.002091342025209005
-0.004489364906443955
-7.782460152345017E-4
-0.0011793487581355487
-0.009040111994371231
-0.0029301241635490724
-0.0035119447331632136
-6.633074523199941E-4
-0.002996527503804926
9.500506862849407E-4
-0.0012648888170194224
-0.005517055045596127
-0.0034289211778353672
0.0015435884879516847
0.001579979332212401
2.3168190516332718E-4
-0.004636991082614171
0.0011787586014767092
0.00201177958202524
-0.0039956099174797725
-1.5652304961144252E-4
-0.002668431135552922
0.002903126388323233
0.0011673323271605318
-0.0012923655215379586
-2.421267925192511E-4
-0.002676229937394002
0.0017619183230099629
0.001027754567370339
-0.003101015718965297
-0.004815333962570503
-0.002309803405875552
-0.0016631635816684413
0.0018482645057266618
-0.0026444779147297257
-0.0012379136988379244
-0.0018446065797552192
-0.0037960370395273765
-5.945794708606053E-4
-0.0035114846360433417
0.002323662546305691
4.5782838435768193E-4
0.0013852641821969639
3.18226418189475E-4
0.003116796427918
0.008127132547017699
0.0026346419010627163
1.0102807670765196E-4
1.5608016071430312E-4
0.0010948305432283356
-0.003027043691681563
-0.0010347967373619713
-0.004403925360577473
-9.46001730628886E-4
3.092146769543505E-4
-1.2443043151328723E-5
0.0021299325949576393
0.002242794449463683
-2.8547305005581145E-4
-0.002055527599715775
6.313407792690597E-4
5.511014444318482E-4
-0.0019426460833288455
0.0011199343935583527
0.0011131108655380272
-0.004617071344533932
-2.1135423603344753E-4
-9.499182901808927E-5
-0.002590293616859153
-0.0018318456721360752
-0.0018914587773828616
-0.0011364335059639713
-0.0012717471305102614
0.0022750565039987743
-0.0017106702488967178
-0.003588610476542993
-0.0010485627469117014
4.0651681939006637E-4
5.165707238433855E-4
-0.001488800103371931
0.0029452122144064327
-6.097688006287158E-4
0.0028184783808125544
0.0038869269006070856
0.002127720460261619
-0.004129343515201537
0.00258176140267226
0.003004827024871124
-0.0037850201275121593
-0.005164329028667723
-0.0015905910267535906
0.0013952622201812103
-0.002430071016059954
-0.0021844108234557852
