-0.020858416483191634
-0.035446093009967886
-0.031429336960277866
-0.014637170403391719
-0.008169999087040141
-0.010515239370751056
-0.013278051512060967
-0.013337696966618845
-0.01841044782518872
-0.01956783821526895
-0.026023258323729207
-0.03539889891237367
-0.023033871946429033
-0.018748639674843692
-0.025507926563261257
-0.020987351001223564
-0.013590477671179102
-0.012078883209346115
-0.013942784998010896
-0.023913110585637942
-0.01530175231965173
-0.011529234256700695
-0.01012316540490854
-0.00686814860191197
-0.0030563004864425504
2.842020716657884E-4
-0.002677195761309773
-0.011564719130167425
-0.013127462640750652
-0.00569662272532848
-0.00853709233771386
-0.008678704105848487
-0.005947272555123288
-0.011645584337052537
-0.0073778063348786905
-0.007777576940584792
-0.00866499814930324
-0.01302114434569364
-0.004261449768688548
-0.005949693167660583
-0.002496147409764667
-0.005395298292810738
-0.005430611083902678
-0.008026360713484844
-0.004068320762517783
-0.006971652722531107
-0.016747655520451005
-0.011584581976149096
-0.0115505528381119
-0.01617655192271294
-0.0110903978778329
-0.016679307075841546
-0.009271684351326592
-0.010866056471441364
-0.010440356620627304
-0.010414972419300374
-0.012720401186738959
-0.007898562865065597
-0.006946307724506765
-0.007498100476966886
0.001236971558435063
-0.0027663394847065453
0.004924955761765235
-0.006900576769992429
-0.010123100656118903
-0.0010833778146477047
-0.004843821363382126
-0.0026330567007400705
-0.001385004102967547
-0.006604163771541016
-0.00518173235207368
-0.010889075286923683
-0.007012056284996712
-0.008090721139983234
-0.011154039671987269
-0.011024518868510807
-0.005049463716029727
-0.0053187007467650664
-0.0032512907099451014
0.003844940255295129
-6.096424629257667E-4
0.0022309891953250704
6.30933463114122E-4
-0.003112112835227991
-0.0072889818782646615
-0.008504749778937344
-0.007311301399004374
0.0040831696457042715
-0.0024742076645352367
1.9832996977460927E-4
1.6202483156365258E-4
-0.001959104630004725
-0.0015497251279271431
-0.008328353899778611
-0.002820769319535007
-0.0032997676067071952
0.0031805219658693202
-0.007372644219586696
0.003391106535069114
0.007827652805737419
0.0052307217687324456
0.005174149647080157
0.00893366457075031
0.002318527433519487
0.0021111905462122124
1.2122535667482876E-4
-0.002419046231334982
-0.00831653049289263
-0.006668175452704799
-0.008950267740518568
-0.006117541904362399
-0.004214482130956944
-0.008746816864575437
-0.005080865533971188
-0.00166755448275554
-0.005192274416581737
-0.0015459658304391984
0.0015725367699169328
0.0026427417319626416
-0.0010571125501471243
-0.007445986657507821
-0.003291242722103014
-0.0027075520981752997
3.070672976808017E-4
0.004276805336187088
0.00347360306705752
0.00343729993070196
0.0011131948447595725
0.006006658082535562
9.484641578058695E-4
0.0013362331591526392
-0.004005527337951219
-0.007009648464199498
-0.004263447800017276
8.136327098469076E-4
0.0011114999726310939
-0.0016388950229535675
-6.906328834019902E-4
-8.806012937638318E-4
0.002522816485368529
6.66976076619009E-4
-7.146202179959049E-4
-0.002599469883598459
5.816089190053853E-4
-0.0011780137736871071
-0.004259745833804748
-0.00728036939428862
-0.001672145002167914
0.0015154746599875832
-8.450760827499246E-4
-0.0023969848321100298
-0.0011064972797667455
0.0010139838098085134
0.003961973171970575
0.001931483134629202
0.0017501305538543555
0.0040750814270351515
0.0023258779734584762
0.0035149603531904224
0.00662491800220572
0.0015918904497439588
6.766845436650758E-4
-6.342345528832562E-4
0.005334800489815481
0.0030923079219433353
-0.006133530485232543
-0.0022307285146472397
9.762408337961152E-5
-0.001994784852862991
-0.001038915581667709
-3.1967103881973513E-4
8.229652085951887E-4
0.004731425563439654
-0.0019812145298233282
-9.194193767466382E-4
5.396468481009697E-4
0.003465316979443711
-0.0026236325691976065
0.005298862057484898
0.0023922230862832446
0.003826738133128727
0.003651610139165727
0.0020147953003666753
0.005722696747742891
0.001070542986668989
-0.001717117330753416
0.0010835829181007333
-0.0017966999200795385
0.002987493398467244
0.0020620093030546995
0.003301205851251898
-2.16680714753432E-4
-0.0021034223615398026
4.2106325973927913E-4
-0.0030654936252353534
-0.0021010803288564494
8.755277792267209E-4
-8.461655335263419E-4
0.0027708271820765635
-0.0013300085317920736
0.005221071664461099
0.0010778234089659632
0.0017297508080184592
0.0037649881664746786
0.004939486414527196
-0.002125525238154147
3.4409599535450047E-4
-0.0027365524437120143
0.003378392132953739
0.0012998345312162558
-0.0028945108246497524
-0.006339174335063991
-0.0013775922673632693
-0.007710206877582254
-0.009173058751458888
-0.006842093980578099
-0.005347838485761511
-0.004608982069689491
-0.003727251209462743
7.024305735680167E-4
0.0026238962839183525
-5.8120960035212256E-5
0.0031409850258113914
0.00507190213279402
2.494501940486455E-4
-0.003667519202320625
-0.003660547664381383
6.029179536419317E-4
-8.651107070651419E-4
0.001309116251060665
-3.8073423793833893E-4
9.575628058606419E-4
-0.0016371475575788982
8.026961731800404E-4
3.9345245671128817E-4
-0.0010319220991448907
0.004661142757716176
0.00377694610964817
0.004091326820317174
1.0859026580260778E-4
0.0058196369037957765
0.006057186992160006
0.00458566308318074
0.0069087901886076795
0.011362581201479137
0.0018270654280784528
0.003347354034210659
-4.6604004525768435E-4
0.0018256685002783918
0.002482511956214031
0.003069994008395844
0.0019437304310493716
0.005350806121700802
0.006571033689483606
0.009531571740464163
0.0075540224133915715
0.0030908617833277294
0.00510437674391872
0.007307180434318535
0.0012791580086484622
0.0011282934144017749
-0.0029350178602378647
-0.002755659472250486
7.523042627843481E-4
-0.001436456640431907
-0.0012937750511960366
0.0016439314365480075
1.5297820497832184E-4
0.004474220857248975
0.0013508077590761944
0.0030210203670734703
0.003927310477741171
0.001593212876218609
-0.0019248944854779449
2.7678928047560086E-4
0.003440380937769602
0.0021322688020779276
-0.001417591624821748
0.002479775960046056
-0.001074734302813971
0.003824147284359067
-4.4866583692135075E-4
1.4832888229899567E-5
-0.0023818853703412766
0.0015599489746921196
-3.335944496167585E-4
0.0027669570618544122
-0.002889382947261968
-1.399317757136313E-4
-6.091912749347296E-4
-9.010468877457575E-4
0.001037560560763412
6.181028450700883E-4
9.836592962959084E-4
0.004355121832009637
-0.0010750477962802871
0.0057277492993528314
0.0028560433943228066
0.001042874850542001
3.839988323294276E-4
0.0016249026205456321
5.446995387890758E-4
0.003074430930402421
0.001984315779875957
-9.040754765722078E-4
0.0038006186326680555
8.458754639387251E-4
0.0031718880097874763
0.0026704939737006075
-5.153668465476702E-4
0.002571650521688147
0.0010912768322275644
0.0033211537261778287
0.0018848195132665727
0.00203143678173154
-0.002883306280474774
0.003731886414881582
0.0016208200044099282
0.0030420002043403285
0.004422786091064743
0.003296497234472971
2.0450616504655612E-4
0.0018284949808691343
3.125800702516099E-5
0.0013017643926761368
0.0015731238916049928
0.002370013453322341
0.0024944866497148568
0.00533025952795738
0.002980070895768008
0.005055296232598369
0.0027430291948291555
0.0020124153389520344
-7.238879297415488E-4
0.0023628846401918314
-0.0014749864877695912
-0.003305705458941786
-0.0010153976665074132
0.0027285740769466666
0.006135057139476026
0.002733514992627364
0.003523508212030194
0.0013001705406872168
0.001492238180823621
-0.003286760570045396
0.0010013754996828145
0.002468630052361439
0.0021065926994847882
0.0012612895558771946
-0.003527321943268893
-0.0011500917155285188
8.009441451582259E-6
0.005804368994081356
0.004324704883610409
0.002939277675774168
7.409499347273874E-4
-0.0036285588289651344
-0.004894742475216004
-4.929125379420548E-5
0.0019477910971791976
-0.002040497216514826
-0.0035432340044943187
-4.1733512846836676E-4
-0.0025490309931018498
-8.590337665860236E-4
-0.0025382753451097246
5.376930223112277E-4
-0.003024905233113705
-2.4610289983065394E-4
-0.004731882710326231
-0.003329132695661756
-0.002554738959251073
-0.0016504235425599597
9.341564647101372E-4
0.001583063096718711
-0.0017677336872116388
-0.002347701376967695
-0.004076923154616216
-0.0032909366952676516
6.803323186248164E-4
0.0029471866053908413
-0.0047047743597726935
0.0014525781904695132
0.0013761886935466916
0.0017636193416446398
0.001501029843268759
3.6651343430506045E-4
-0.0019672610982399445
-3.368054344786722E-4
0.00160606691643745
0.0017009153769641855
-0.0023785562946841226
-0.0032552629043540713
-0.0011421411667028993
9.79164188754594E-4
-0.008867836095243454
7.483907395625279E-4
0.00238418214548464
-0.002222392576263399
-1.2444952274149592E-4
5.931613760664485E-4
-0.0035138875086120906
8.171524026742016E-4
-0.002263335750273394
1.121199283157889E-4
0.0017361408738786105
-0.0032692173353340293
0.0012873194673714476
-0.0045156525217178185
9.757102314328077E-4
6.039224601680962E-4
-0.0025641133207432855
-0.001882771884389873
-0.002720362823114936
-0.004338798484875213
-8.896784920922979E-4
-2.0266364849702575E-4
-0.005474363707465187
-3.436358883188632E-4
-0.0014780346159905186
-0.001846201474716446
0.004652573679787038
0.0023721304949348037
-0.00516893941287238
0.0020148530532851064
5.558353652448366E-4
0.002565795662313536
-0.001232839573634047
0.0017736012189028176
-0.0029164688373912537
-5.3375464547554615E-5
-0.001126962435191241
0.004296329719885139
-0.0026765755868364016
4.4941140758861367E-4
-2.4974443422028255E-4
-9.939126905465106E-4
-0.005428629109974819
-0.00414567615421032
-0.0013682830628199685
-0.0030271891184121395
-0.007556364189357363
-0.001110472089329831
-5.450350570799634E-4
-0.0010125243138292988
-0.001990250192513333
-0.0017055811297601257
-0.003283197285199161
-0.0034073099530311153
2.798970306521074E-4
0.0014484411018513084
-0.0033778336031005034
-0.0030675726320051467
-9.007530091732877E-4
-0.0038965032697780527
-0.002338543870459375
8.664374707729579E-4
-0.0038223772349099197
-1.9947234921483879E-4
-0.0015172121390530603
3.3623423969211217E-4
7.600662632495286E-4
0.0024515691517746747
0.0026665972552351023
0.004675888731163688
-4.1350339559550467E-4
0.0015089369009582139
-3.0181708691199275E-4
0.003107727407024722
-0.0016149755527989015
-0.001987293983572057
-0.00263207703940057
-0.0044930432681812875
-9.812527523165547E-4
6.780452052407348E-4
-9.496706697793005E-5
5.9959346909795506E-5
-0.0034520435300740893
-6.912248264735972E-4
-0.0011608839461366735
0.005312298502376678
0.0015013463682544577
-2.809928767407898E-4
-0.001585045954690093
0.0011851233018471984
-3.26951236206579E-4
9.659440753730222E-4
-0.003430434386454189
-0.0012198995544460381
-0.0013395464223727304
-3.557427981453055E-4
0.003735166882248004
3.078403156434671E-4
-9.435538381569025E-4
-0.0031431917104862324
-0.0018138611036483973
-0.0011643463314057196
-8.324948631576265E-4
0.005342646588729255
0.004156645591994446
0.004252182565726103
0.004417275898882277
0.006639027102242646
0.004750359652183737
0.004754707767353666
0.0033673349641303216
1.181450365099717E-4
-0.001209056095662441
0.0012952838653916999
-0.0017321810251319306
5.580118706720931E-5
-0.002111636244150262
8.326370219912139E-4
-1.263452992448639E-4
-0.004628575364627364
-0.0022151010838377143
-0.0025442418169835325
-0.0034789470774173
0.006336712663423883
0.0016505252853266817
0.005265001279837082
0.007983783780572996
-0.0017676049356302496
0.007642776990600237
0.0068783870673885675
0.002615536635039512
0.0038253029242198175
1.4011292940934936E-6
9.375728163723662E-5
0.005931752490843502
0.004786191377013743
0.002152431617920736
-5.412078792387223E-4
6.239949401717365E-4
0.0032941788409496103
4.832490908494626E-4
0.003755171571432176
0.0048292071611211055
0.004691049832177008
3.738653034174814E-4
0.0013000186516162863
0.004122802690132244
0.002910399667849259
4.240701115909498E-4
0.0019165646549089259
-0.00285758736951766
-0.0013318273326446417
0.0016232465456251935
1.009142230849868E-4
-0.0018966679246965178
4.7018397130296573E-4
-0.002339504858564738
-0.002650395439152842
8.761312805399828E-4
0.0034477850379537565
-0.0010145560285496494
0.003997759764489546
0.004701474776434341
0.005910702088562598
-0.002770788745606855
0.006285263963905642
3.2802840781552995E-4
0.0022265253085524774
0.002411539614035669
-0.0013504926502490371
-0.002605618912374049
0.004143937699105566
-0.0016838749696899975
5.534592896066187E-4
0.00152554776857372
-0.0012281323394101064
-8.896292021821008E-4
0.0018287653660086646
0.0018491701137004614
-0.0026696779685542985
-0.002173045985877651
0.0013871947059107728
-0.0012133673034106533
-1.978165465375401E-4
-0.002958355765114426
-0.0010616931847610396
-1.331110747777195E-4
0.0020693963844415826
-0.001048117746826186
-7.033219196987648E-4
2.4184588408734874E-4
-0.002368995234490279
-0.003737464408260414
-0.0037199923792212777
-8.730688510259718E-4
9.151377844563345E-4
-0.003913260757026422
-0.004094136489040409
0.00236150390510512
0.0010935841297883186
-0.003258369002682252
0.0020755741702891397
1.9931622304143062E-4
-0.0018719049180382517
-9.580184611521764E-4
0.0013084947957631426
-0.0018039678113247488
-0.0031921351385317694
1.3269132289366452E-5
-0.0013548643947559648
5.656716563597532E-4
-0.0019038851135890717
-7.091187658763738E-4
0.003553795931552998
-0.004596257554127022
-0.004217535913128957
-0.0028147814348148024
-1.4520391759771607E-4
0.0026875466640018577
0.0033710474770011194
0.0030269650223630922
0.004745892600752577
0.0017043762105616762
-0.0024507073982964925
-0.0012226258790619304
6.197370054701033E-5
-0.002290296662954969
-0.003576760253240932
-4.214342262076787E-4
0.00625473263058705
-9.824248115645631E-4
-0.005860154317952076
-0.0011613616417942632
0.0038354522667007514
-0.007728331386973487
-0.0038932669570261916
0.0033322970242234367
0.005331935667478065
-0.0016666111313306945
9.402525066996145E-4
7.090403484703205E-4
-0.0013853288539284545
-0.00223250238940909
-4.8025741011945294E-5
-4.457556832582312E-4
0.0040249918243004485
-0.001006773338053558
-0.0010911207562760814
0.001306135548400543
-0.0012696784426975587
-4.2386170178826486E-4
2.075435268432273E-4
-0.0010703463030600005
0.0015063702319639983
0.0015114609046731873
0.0014774480483733335
-0.0012079837558378991
-0.0049612628328927
-0.004136795336668341
-0.0011903402839852095
-0.0026009940034367814
-0.0038335741469102025
-0.0022680938750919907
-0.005609170516352773
-0.003940116340952705
0.0014384597825615863
0.0035756961044973745
7.174395240327675E-4
-1.7380072361203674E-4
0.0015993970983863629
-0.001884149447395377
0.0012086486449967623
-0.0017550827274637928
-0.0012110098111259308
-3.803195662496761E-5
9.070408665002909E-4
0.0033715786276645853
0.0025159865788675503
-0.005093032309784422
-5.817224799211993E-5
-9.448552165789939E-4
0.0011010646996491827
-8.57098194490431E-4
0.0038870085374276032
-9.006181784241168E-4
-0.0013841344491170727
4.383475531193768E-4
0.0024286458749207232
-0.0015243009047277505
0.0015448738867830942
9.455254812125017E-4
0.0011031125798135614
-0.0017690114086461864
0.0019204431501578924
-0.0020708029701712693
3.4198820156159385E-4
0.0023957706372545306
-0.0015200847026114895
-6.97572212673176E-4
-0.00109829654071277
0.003501676157442003
-0.004239495299368193
-3.428850029970294E-5
0.0010509019873397075
0.002608214529639346
2.0502957579119376E-5
-0.004151900564989669
0.0025446321256656556
-0.005085132749473026
0.0016729961250771875
8.174607131077053E-4
-5.255063799920861E-5
0.0025414665061886748
0.001383975747613114
-8.057508070800855E-4
3.9257939486490764E-4
6.971909049311083E-4
0.0065905940391747094
0.004047741103042136
0.0011290220101286845
-0.003324123366519669
6.784436119641146E-4
-0.0018817661062756335
0.0029456850662946503
0.0010872646481957964
-9.637082158721914E-4
-0.0029436003968217697
-0.0028801628087462747
-0.0015031702471661366
-4.8554295484560996E-4
-0.0032636954711331707
-0.004231898211562879
-0.005849990716383213
-0.0038751434464387134
-0.0024261478179527286
5.545725079428087E-4
5.806654035566263E-4
-3.2201421354269614E-4
-0.0034118182710424355
-0.00325460547270672
7.006426182569291E-4
-9.20884965070564E-4
0.0011902638013840251
0.0013315482054342704
8.98463475669112E-4
8.634589045411747E-4
9.477105601723631E-4
-4.509676858898027E-4
-0.0015242649081939504
-6.678509487779827E-4
9.740740361947503E-4
0.002698874499667475
0.0014306195088317722
0.0022918892075136344
0.004359173858587533
0.003168254294055479
4.0834398786412696E-4
0.004066594103361024
-0.003973254995255586
-0.0028792098230141783
5.380099800468674E-4
-0.0013475016747699717
-0.003118803501533079
0.0011860645625347713
0.003378591454071296
-0.0020656515512013714
-0.0015079165937499951
-0.0019005655415709971
-7.603737074643197E-6
0.005129482933575476
0.005535915545102826
0.0022240798703533847
0.003485366116952156
0.004550147365912715
0.0035503875372743846
8.832943795877556E-4
-0.003943184437752943
0.0039795013462625315
0.002970598705274955
-3.8943884157800654E-4
-3.410660288117031E-4
-0.0014571483964483198
-3.3489176091001894E-4
-0.0019819945676210725
-4.258197042875716E-4
6.834178523657084E-4
0.0022547469623659306
-4.880543610269413E-4
0.0025720973669008584
0.004434409456697861
0.003659070491981393
0.0026008341146248376
0.0026497747930507676
0.00287564072127893
-0.002312603712103648
3.68717225861571E-4
0.00543700266538425
0.002634171622492404
-0.002101444110386251
-0.0015095235399484694
3.80104734410275E-4
0.005780598709693534
5.421876317479274E-4
0.0028387004967708167
0.003204292674175775
0.001637194910488265
0.00168867787401932
-2.6674620084603353E-5
-0.0017295489387161456
0.0033112498770424942
0.0057820686765507855
0.003911918991756038
0.0014092304439136374
-0.0025545128486955063
-0.005619456890672572
2.657215755158387E-4
0.0026342670390667156
7.704484444725762E-5
-0.00641500478166248
-0.001535883251741927
-6.253066714856998E-4
-0.0015853468533186157
0.0012884710146069856
0.004681940794406528
-5.844107538626079E-4
0.0020242404962401463
0.0029305896809194566
-3.1558164083539424E-4
-9.1036013996054E-4
0.0024945187570474775
-9.603335006296569E-4
-0.001337973646668004
0.0016612161563593537
-3.453710571319636E-4
-1.4410917383040397E-4
0.0013773037386449031
0.0038019006298296433
0.0023241950780238823
0.0026986200855335543
3.8530500730328765E-4
-0.002989166818271547
-0.0031543733498388235
-0.001409347336966597
0.0025324763859213037
