-0.0248723473698482
-0.01963198939390464
-0.02017777577485884
-0.02082964684797763
-0.01625254199894549
-0.02278982144543097
-0.03426341052848364
-0.02839220935174271
-0.02311679230250441
-0.0273422383096419
-0.03692672590923335
-0.01464483641227542
-0.009193174032082837
-0.01946936514576848
-0.005895228361575484
-0.002983076616868485
-0.008917037383861267
-0.007419201227228616
0.002853574385697239
-0.009307181403419506
-0.007343719623872293
1.808725225288949E-4
0.002830947296050336
-0.004277671566669959
-0.00992407631084677
-0.01796467231891669
-0.01194483090206009
-0.006661482798456302
-0.007627281954822566
-0.009036033125075433
-0.02186184921561661
-0.01823640492039866
-0.008730765550346657
-0.01724182810904237
-0.01926112801524677
-0.003396129581471995
0.007265674417657271
0.007614702989947093
-7.094533169920575E-4
0.006445988692133178
-0.01173609502095251
-0.02015053266601424
-0.01986080783994977
-0.01381887083268994
-0.01279199768523501
-0.01426652939975884
-0.005814794931785537
0.001060300422494659
-0.005076602138856088
-0.004185303736571293
-0.003343268726289926
-0.001603473395400854
-0.002992442256127173
-0.002339434643634318
-0.00815668588983503
-5.513453681081419E-4
-2.470532602011295E-4
-0.008356516697196134
-0.01046883026120025
-0.01396473229396668
-0.01146481420166897
-0.01715346456268711
-0.02220047039799222
-0.01643213236955859
-0.01105828777410245
-0.01633233002894114
-0.00864731401706095
-0.007431521330358806
-0.01109572579405214
-0.008397775289680881
5.984190925362338E-4
-0.002547241987817164
-0.00648882858173148
-0.004896877434543795
-6.642531739924234E-4
0.006757839693389797
0.001672260735347011
-0.006053816479730239
-0.006116410793453065
-0.003022225544010155
-0.002126415491802404
-0.003007902831116746
0.001467673070981816
0.002225328148021216
0.006228511111292538
8.255232096993086E-4
-0.01295727685558529
-0.00784901251226327
-0.009047954736793533
-0.005177630767074747
9.618993283715831E-4
0.009500887398395804
-0.006596933015990783
-0.01128830943557165
-0.00337430685656083
0.01223453676125553
0.01631145815214568
-7.069659906670828E-4
-0.007218559803098261
-0.004219605086807774
-0.01038865748229692
-0.001320822918545768
-8.728685198430811E-4
-0.01556000482971417
-0.005510522970470793
0.003109207722924159
0.003117877974488997
3.638892857406688E-4
-1.99223281025966E-4
0.005802797837408002
0.001014679812102755
-0.02230278674132937
-0.008853556037634661
0.0216432749421026
0.004569565229478352
-0.006549063203988814
0.03869113975408052
0.02661349462868486
-0.01338500459354408
-0.01089072812608834
0.01218854857668135
0.001458676007734183
-0.01086725653080801
-0.01420972793974484
-0.01065752131814388
-0.01452051019583441
-0.005327238101160116
0.02162246780519233
0.01284106813628157
0.004602380264663582
0.008726586720621883
-1.810851215923124E-4
-0.001671176871030066
-5.598260472182382E-4
-0.003500860689949559
-0.009662070290500502
-0.01079106361340785
-0.00976208438837831
-0.006172721886433327
0.005608622168132971
0.01106372032985692
0.007462725098609564
-0.003943671506075347
-0.01278742887779198
0.003573581431403549
0.01200365862251592
9.900451067228525E-4
0.002160031754688998
0.008133062794349978
0.004178464286890036
0.004605542435572227
7.746834500388386E-4
5.18522602440948E-4
0.007157525103900928
0.001531165266387767
0.007077292211440377
0.007599950448069571
-0.00174922277588541
-0.01075673598122034
-0.01304302425243947
-0.00406247807270075
-0.00505714022668508
-0.01283278921406563
-0.008072421249873134
-0.001536675232600916
9.329047079610568E-4
-0.001572360494564861
0.009518441620900518
0.014759902954566
0.003342620568850756
0.00279323673913467
0.004217562563619049
0.007187622980944569
0.00620278473245271
0.01768759216185131
0.02398792882864029
0.03561507244799268
0.03955743162583668
0.0318784575670111
0.01737421886008051
0.005558821284732859
0.007595514761175812
-1.166683709135842E-4
-0.003620775517243576
6.366498272820728E-4
0.001615370111163282
0.004103105202510323
-3.753163146720588E-4
0.008909594200761504
0.01461843827609375
0.005603079491806512
0.005440744248861154
0.01197959993982232
0.00253243377976169
-0.004095557328940202
-0.001889016592065159
-0.005474450259392905
-0.004349721095375114
-0.002090762156940402
-0.001660946920329094
0.004214550771305254
0.01609808992914476
0.007892855937823098
-0.001094879754092215
0.003219366873313347
0.002127094782525972
-0.005566822525895907
-0.006755148719534634
0.00468137771140397
0.01012059503346649
0.01691114900314905
0.009000974842742133
-7.597179435251453E-4
-2.007577693463804E-4
1.775097846426536E-4
-0.002947926361985829
-0.01074034770789523
-0.001147177971678661
0.002347178862365816
-0.001331681276679196
-0.003607100612638986
-0.002359955648763433
-5.405424806483516E-4
0.006078918098541195
0.01280126538883658
0.007461653164352247
5.677382352242819E-4
0.01277679791246746
0.01109042204705022
3.645455645913786E-4
-0.009708159100414934
-0.004701521861425352
0.001451790987389366
0.001435906060911468
-0.001457301501389956
0.01129120020666501
0.004192298244844869
-0.007835581798228334
-0.001336158665516477
-0.004414065435678478
-0.00199266497301248
0.001942295285848227
-0.004082963648238099
0.006807953258360445
0.006776986099046828
0.0049746451846203
-0.001253060767879489
-0.001822110312394274
0.001808050275993857
0.0020877553624157
-0.003077043414520766
0.004872907674685957
-0.00132812416170786
-9.09357617042296E-4
0.00271490197431619
-1.091626201033145E-4
-0.004282549947943699
-0.007479676991458921
-0.004560901759087734
-0.01064900028315403
1.333474589977097E-4
-0.006265646832168215
-0.005950104466255387
-4.107425673075495E-4
-0.007352873631049386
-0.01018700654799661
-0.006115779890868247
-0.004167225195644353
-0.00207535755740601
7.787447640343246E-4
-0.006368666109751224
0.00179709377129124
0.004770889059953684
0.008468400327492062
0.007774807994185233
-0.007450926263032542
-0.001998419647398022
0.003666419784466221
0.005841956991041995
-8.905462220719996E-4
-0.002613762432121001
-0.005419540014589616
-0.006236520410927276
-0.005414786328505063
0.00520216118499473
0.01177342081788539
-4.804805884498796E-4
-2.637339183437154E-4
0.003611722421753285
-0.00353197769528384
-0.002825652119385052
-0.0085368741923489
0.009178001742642303
0.01721264947178872
0.00754356235519079
0.00144047960414116
-0.001093583011900141
0.01053191866516549
0.00922251949882289
0.005308902984823278
-2.548955356866049E-4
0.003655961356927323
0.001827019314014251
-0.002883767109333985
9.521169947975959E-4
0.002578312873834474
0.002002291295791105
7.808086826241318E-4
0.00379556594936478
-3.350787504819658E-4
-0.008341145185852826
-7.214042401528728E-4
9.916262065663933E-4
-0.00556656263281237
-0.004334503444849816
-0.001319239637284939
-0.002994915875141443
0.0010648075626199
-0.00195634576871753
-0.001388431842259035
-0.001351277743897197
-0.008466785276255962
-0.0114937896802195
-0.001839127361011176
-0.003943427256570728
-0.005879181060421237
-0.01474551432385593
-0.008781695941644732
2.909777303126685E-4
-0.004813091159865722
3.524361273833988E-4
-0.009948339411330385
0.001246862432679673
0.00220143923435637
0.002627509197158776
-0.001412391606874372
-0.006604062885309446
-0.006850988906225813
-0.004290314023868971
-0.005178174884362283
-0.003046924580863966
0.004419063234887735
-0.004336309832857412
-0.008993752061918445
-0.01372413963969577
-0.008680115016728428
-1.316668557271897E-5
0.005418838632913227
0.006277132425252984
0.006105983885771456
0.004024463962039784
-0.001071673521433722
0.001332294878480362
0.01071302604987684
0.002180572672323752
-0.001729690759605646
-9.353245664411312E-4
-0.005270559971836872
-0.008668880235660236
6.911489544348523E-4
-4.573371406566727E-4
-0.001267827877217057
-0.001530363068156903
-0.005425992460352971
-0.01293080024681054
-0.002445442439535224
-0.002888157451016633
-0.001102961071619497
0.001500978868365401
0.004617049709168084
-0.001381503748605433
-0.003934121542454678
0.003868256214590964
-9.29368373696278E-4
0.003377270753378929
0.002590509435888066
-0.001252225486281846
-0.003768321441642044
-0.003866717723409797
-0.003195743655893737
0.004876171312126698
9.697456913593212E-4
0.007715039851941485
0.009795176514819159
0.007653321922110936
0.005586591171786279
0.00464493780655221
-0.00405144319017228
0.002515921497661403
0.008432264885743813
-8.646243715379011E-4
-0.004513110522901574
-0.002394174220348965
0.008578136014769778
0.01119382919706231
0.006150357294121959
-0.003094343768353552
0.002328846565699686
0.005803475295955577
-4.97778664079207E-4
-0.001386155522371847
-0.01075900534737129
-0.003201173019675453
0.002360479913518829
-0.004253231743141498
-0.0062350394809188
-0.01005848415600984
0.001730596660398318
6.623628981564597E-4
-0.002970636628882499
7.301979360857154E-4
6.686634630913588E-4
0.003485806786261911
0.005106383502938064
0.003555678586191519
0.00300576930188561
0.01059019217310721
0.006053750242575834
0.001881147343637236
-9.622596208795787E-4
-0.005597815883394608
0.00301962123640082
0.001531325205921807
-3.064625922714223E-4
0.005551316737209365
-0.001814303122829526
-0.007519599478170056
-0.009868878599496924
-0.005192205862749173
-0.00639793770312017
-0.004191269565132506
-0.00341700455733314
-0.00650612532495021
-0.005787882823388579
-0.00460909076544203
-0.01561755664531114
-0.003895562004194641
0.005620237975605187
-0.006724099122561066
-0.01091840517470514
-0.01364089439220163
-0.007380625556981047
-8.178743736116614E-4
5.387158587071994E-4
0.003665211020766592
-0.004696376841544324
9.59472410906561E-4
6.120192810014875E-4
0.007300078333256719
0.0086517669666747
-9.171725050306515E-4
-5.331296458481733E-4
0.003717790158797619
-0.002714940880821923
0.00266680437515673
-0.001125774683005024
0.001935434896982509
-0.001369945960577787
-0.00815607582054374
-0.003403287576050619
-0.005734794481498873
-6.640160833290232E-4
-0.002549871516626492
-0.002511920237526532
0.00521066124494123
0.002658438206284033
0.001543311963953398
0.003432409206376626
0.01207979522161436
0.005149668124086117
0.003832562041950584
1.084421288841194E-4
0.01053748108661865
0.009358109311394698
0.003679525367350406
0.001069534704320523
-0.002826263748996518
-0.003567301162112905
0.008502929849228697
0.004524714254963572
-0.002085901364515548
7.794204327593971E-4
-4.984457821428287E-4
-0.006564794475937314
2.207646441991137E-4
0.001477986756264906
5.180198357439946E-4
-9.642669413280516E-4
-8.584242267153658E-4
0.002741857604480417
0.002669180155711308
4.492435689002884E-5
8.93244202736481E-4
-0.001999617672111001
-0.004623535881198786
0.00423451142032923
-0.002027100243225314
-2.180796578381003E-4
0.0162998356030064
0.006317952665578188
-0.001763492863560339
-0.004250883901390573
0.00630439833925675
0.006287451990445181
-0.005226083440870743
0.004580990906353336
0.01886900334373222
0.0014395410302835
-0.003836162453957156
0.006085565496465543
0.01133421402053075
0.003602017952845494
-0.001059865552694793
4.739054942158754E-4
-0.006150035243554096
9.508415898192588E-4
0.007902891731654815
0.0099071968529183
0.004580866427346319
0.003134143348333496
-0.004826084734556978
-0.005640645640088197
0.003617855472767862
0.008301426765211756
0.002616605587660737
-0.008502966519896916
-0.003154798203205773
0.00116083084021982
-0.005474640712679464
-0.004308582316996281
-0.001250023609889974
-0.01579812587251115
-0.007434233723064608
3.844971175942583E-4
-0.001791797426493832
-0.009803198608866628
-0.01094354190250168
-0.001337129279906809
-0.00890399158089308
-0.009915378367354016
0.002845436772629589
0.01004578960891228
-0.002092288233301644
0.006419611331404187
0.01130271329020804
0.01050270921466047
0.007551144716231449
0.007301371009636023
0.01197777975296806
0.004586081826867943
0.001269792119389841
0.002978250624544
0.00217759175214625
0.001637972569373651
0.01078348013798214
0.0159645411243492
0.002893462272407889
-0.003137984607883442
-0.009931443118070071
-0.00238932298651197
-0.005854680021706252
-0.008704147321592224
-0.007046020408380192
-0.006174641410455378
-0.007816721623890608
-0.008743452936469734
-0.004850394561457732
0.005866153668986273
0.0020461727593403
-0.008158434140490854
0.002855001006924168
0.001871673882815766
0.002930140610590192
0.006029590745908024
0.002647961286415587
0.01181883863233077
0.01197541370063367
0.00949402267806928
-0.007807444403389346
0.004019378438812147
0.00873907532143828
0.002603549302839707
0.001423262391487306
0.006460864020967936
0.006267040651869948
0.002928641507154626
-0.001705227909263141
-0.006487389490918743
0.001320852024285704
0.00157276087944579
-0.004547779392999066
-0.001519663640160259
0.004923397511921796
0.01776212977250608
0.0144714064914257
0.008168686675294948
-5.646440717221563E-4
0.00925375862083456
0.0171929485079677
0.01612412252753288
0.00788373031832073
0.002276509203604596
0.007447389684919551
0.002524704685219052
0.003447041868765098
0.007530765465039104
0.008335354173402853
0.006469958434754356
0.001259778402932114
-5.188746932863566E-4
3.929173283957532E-4
-0.001805461217342021
0.005619983093142914
0.007471420162004367
0.01472916681575197
0.009043844545656399
0.01043850775783178
0.008569902689544804
0.002616870904999593
0.005636392023141555
0.002621225565291454
0.008397382721757222
0.01016344606314357
0.00692399176252541
0.003787816674409775
-0.008219006298591059
-0.005445028724697647
-0.001370024253348979
-0.002518659810977777
-0.001953011590397219
-0.002971041502344821
-0.004173691692239306
-0.004045699028258711
-0.0079306261868598
-0.003354197235970677
0.006185663688424941
0.001502749586965482
6.010609257131951E-4
-5.671726121802397E-4
-0.003421580985910649
-0.01089741344590045
-0.01022832856288902
-0.001021015515708061
0.003045340644784959
0.006969000418384104
0.005529885220181351
0.001779223840252385
7.195948153458984E-4
0.002195240678296609
0.004654553698438381
0.00351727614610074
0.00166082457231799
-8.188270621668954E-4
-0.003921087805603241
0.004534956706836396
0.01087568747303986
0.005041635840059128
-0.003821711548853424
-0.004137856068363348
-0.002613982918776183
0.006718937788756114
0.001894877651447376
-0.008816924907964459
-0.005347766955527999
-9.094170583411674E-4
0.005640119417079617
9.755949453812638E-4
-0.006725907498319506
-0.005398631182056301
-5.98925466870274E-4
-1.788127667908589E-4
-0.003210243450999781
-0.007255106545666539
-0.009781655660826859
-0.006317208977758383
-0.002717274916657796
-0.005338630728018974
-0.004637361787220151
-0.01017339321142907
-0.001971740363990086
0.002184090068083932
0.00312480419271885
-0.004405033514428853
-0.006522777550967514
-0.004943495535604244
-0.006379020593499646
-2.605607996745537E-4
-0.007168217181166539
-0.00812782857179432
0.001060779422418385
0.002638772195603345
-0.005772730124287994
-0.005530995093335926
0.001860401951899853
-0.004828401134350968
-0.006781797325134922
-0.001906277063112811
0.004307195228156617
0.001770284813800244
-0.005660649994864895
8.83317689423261E-4
-0.007280828960523557
-0.002511626991882049
-0.005721155251072998
0.004869914289789504
-0.001491229608925923
-0.0065440472924424
-0.005021363894539626
-0.005207456755991943
-0.00276209948538818
-0.006924559877526324
-0.01063468357867115
-0.008668824075896425
-0.007334431271581113
-0.005340050072838818
-9.244306271126275E-4
0.006274809238901365
-0.00225032977938491
-0.006258064663636087
0.002623844622810375
0.003327631536880395
-0.007953576200006968
-0.008349837298852114
0.007203326579513772
0.01048837228118848
0.00455999491658769
0.004451054979982287
0.009065350657239702
0.002542408942465041
0.00828377535840118
0.00237216299258879
0.001573429295161563
0.007188627573989399
0.004767231090123359
0.007663094418926811
0.005048070255258909
-0.001897868000934585
-0.002878328447003917
0.001944153235459735
0.002123415694022281
-0.002341657676640613
4.625211303118607E-4
0.00240399463502675
-0.003322573009731584
-0.009714148246110076
-0.005949535557831575
-0.005500603950204958
2.131024697860354E-4
0.003958406442774992
-0.006754777646539527
-0.01210863996435534
0.001754280731201918
0.007150384704406832
-0.002551966769594595
0.002276199743169878
0.006036414235516391
-0.003316934653951368
-4.660741450974177E-5
0.006619267651964872
7.060265828686413E-4
-0.00894983006057743
-0.002170567953798874
-0.005258321360568717
-0.00278226201728908
-0.001020900073115037
0.001565024165052584
0.003851552629360956
0.001644487359445453
-0.001354349567345054
0.01444301034723465
0.01214046134108138
0.003691065123433607
0.001321625195908466
-0.00611396269104226
-0.004889523898611576
-0.004688051649628205
0.00835981863133361
0.007150557331414262
0.002648645772187464
0.002379015276693175
9.90957040149784E-4
-0.00102036809734351
-6.847465856958687E-4
0.006744081410477767
4.610495206511051E-4
-0.003391252433300348
-0.002380853055416198
-0.003400661089478536
-0.00516665952477526
0.006203289852758043
0.005416878985012159
-0.002914649994232663
-0.00654879768642211
0.005876984594077126
0.004994673935052567
-0.005625364815174745
9.610509902250016E-6
0.006377373379665571
-0.00475729916104006
-0.002237024549638272
0.004509827877256301
0.01435275613409893
0.00939135224044041
0.01260949019488101
0.006961102020496452
0.007283586124957942
0.008037807238058386
0.01063006360474911
0.003782477236617805
-0.0032825233231202
9.707028251419791E-4
0.00334000367969832
-0.002630404284728726
0.008539632621791641
0.01375236784480005
4.811008419818332E-4
-0.009232053485805114
-0.006918288739638836
-0.003751398157140189
-0.002475228316050477
-0.007590503458682051
-0.01218273097045266
-0.004481184241086984
-0.009616455844842534
-0.008498029555950932
0.001742434730417975
0.004390949992438834
0.005875050371532896
-0.001094715015252024
0.004004752789606842
0.003794756044033258
0.002177121797912256
0.01225477792361607
0.01675739406415594
0.003035479924634575
-0.004281013340703278
0.006291173105613588
9.644497695916183E-4
-0.002871558006620581
