-0.02902801297791891
-0.03988391908938859
-0.02702868281097446
-0.01684426322227005
-0.02691849038498491
-0.02087057344748848
-0.02653534047988165
-0.02360312107201081
-0.007484502885742314
-0.02032690041561026
-0.03889625192406013
-0.01138883004147108
-0.006730884079177673
-0.01672143747538532
-0.01242789762015755
-0.01037844858680136
-0.004287458828746234
-0.02116398945934311
-0.03022807423515585
-0.04306882315325066
-0.03135542077536781
-0.02022699774072226
-0.01840206715441656
-8.730252887456156E-4
-0.004015953278429226
-0.004794628073356655
-0.01433073490600312
-0.01039970160461966
0.004817229506765439
-0.004250143137816092
-0.0142305087394824
-0.007398137840264102
-0.001423676456222471
-0.008076315297314963
0.004917627208542004
-0.01252057637290977
-0.00781681101189341
-0.01064373661970654
-0.009513166239554841
-0.01818650373272575
-0.00773726300566886
-0.002497230194999221
-0.0163353847428787
-0.003861914742401407
-0.002479226753455157
0.002916678075928687
0.006443293426752815
0.0020302244012546
-0.007078820127848133
-0.01771603062831942
-0.00665566659146488
-0.002230968628284247
0.005468659182554931
-0.01142073234077406
-0.0157590405350821
-0.0122557917909685
0.002715923306283739
-0.01076948936385163
-0.0110311273056472
-0.003185983671023331
2.83010184399108E-4
-0.01064522100160072
-0.007369971281696574
-0.02431626239928738
-0.03249069727211245
-0.02782765807138866
-0.001859490787859051
0.001558719401615936
-0.003254528016267111
-0.01275302150556534
-0.007638844512268154
-0.005648094407573842
-2.246563551751291E-4
-0.006841360892171434
-0.0143543788602972
-0.001924687588900674
0.004978024220029616
-0.004452283181048732
-0.01789258074811751
0.006238421324120016
0.01558287851884185
0.006060608919303044
0.013942851896283
0.002118912809116016
8.697697774936314E-4
0.002898576837715697
-0.002131699728671782
-0.006106176831086096
-0.008862780424180988
-0.01816142932702715
-0.02358951167289145
-0.01352164357053681
0.002931382376201948
0.01724212223121698
0.001339781993891948
-0.01464980963139275
-0.001298185687726034
-0.004729601553430118
-0.02466534301090953
-0.02770602175358566
-0.006256586255673241
-0.008893072573853042
-0.005261918787032206
-0.006972540652237236
0.005654046744973186
0.03096611135961183
0.01882577245955994
0.007138778657563004
0.003138748193549977
-0.001190623785448875
0.001186483589559735
-0.01133836671904358
0.004527587875161899
0.0159113721306775
-0.002328906882250961
-0.0108559605941231
0.007429292904119055
0.005493784971520688
0.008251530881134264
-0.004820287670433589
1.94155854876474E-4
-0.00225877075263899
-0.001067198102295069
-1.920536269142068E-4
0.005364253643733347
-2.926578336042884E-4
-0.007932035803114357
-0.007910877220152044
0.001286842493083024
0.005763973136106136
-0.01715186791304358
-0.003687581377489262
-0.00159891675428522
0.004217900616846773
0.005687438832945165
-0.01012328925611265
-0.009260971022838658
-0.00827702718771637
-0.00529884465699824
-0.01870556578405096
-0.005797453519694623
-1.637882451070151E-4
-0.001677799449280766
0.004164255801169002
0.005382535688617535
0.004321627312300663
-0.00378664724376557
-0.002007439169031533
0.01032468185492118
-0.005235301901745305
-0.01033496619449952
0.002608793071810366
0.006378557808702762
-0.003643724331086602
-0.008698502276760996
-0.004326460566956907
-0.006625753930059903
-0.008770435429670598
-0.009304956262235852
-0.001967308345658449
0.01242486800870038
0.01384729555080207
0.01624322761933899
0.008032580223914515
0.00636539242391859
0.007762431960634449
0.004152418620928504
-0.002485435817741643
-0.007112360459520971
-0.01309788976024195
0.006853033982547195
0.009982982180063833
-0.002349014555437135
-0.0112186419258769
-0.005884803369158029
0.004951528487965498
0.01150426943461046
0.01238248422303181
0.01244362146496615
0.01062309896701594
0.002073300021422155
-0.007243025576668363
-0.003322135517663035
-0.001100711924173925
0.00305342170298957
0.01265376800959286
0.01470295222603165
0.009304109330728885
0.01496161070968907
0.007797030262932075
0.008797810582477184
0.00467260385059425
-0.003550731100504358
-0.0114004413615194
0.005738434146678415
0.01295674678709747
-0.01463200361911767
-5.868296096090654E-5
0.005214409213228839
0.001907345918927882
0.006391448241618507
5.550782048620212E-4
-0.01789606378522906
-0.0212300697937815
-0.01503521359051999
-0.01709501019163252
-0.009757544656433092
-0.01151259255446325
-0.009002403451605818
-0.0126219514933587
-0.006642995321007823
-0.00366143726802773
4.809445031828209E-4
-0.007643345953369963
-0.01290512088074238
-0.008800235322130218
-0.00540253390287139
-0.01810515960538956
-0.008033358932460445
6.452465464443881E-4
1.500891929996775E-6
3.428258150313576E-4
0.004039302817050052
0.004884372338649651
0.001109200672581597
3.784181058970538E-4
-0.004708993056396901
-0.003157249722728675
-0.003712615572244025
-0.003922303722880138
-0.005461979778966484
-1.987591140488206E-4
0.01000393743615288
-0.003295718061576999
-0.01480661663717648
-0.01700172874503894
-0.01325761460472503
-0.008083084295447546
-0.002355925696823503
-0.008405678117338646
-0.004413155599763131
-0.003802091315162351
-0.00253385352456891
8.937644503372093E-4
-0.004571015178326693
0.00335053492507607
0.007244246411384752
0.0042097559782905
-0.002745533563179418
-0.01237592913249804
4.616651712523679E-4
0.02099732620320792
0.01149745886673305
-0.002290674752268157
0.006718075169769386
0.005388983076087958
-7.928556058255469E-4
0.008577449257429415
0.003369560290679959
0.008160234058287386
0.01164913466497708
0.001160038284090879
0.001846701955514265
0.00289693465859937
0.00835316438757674
0.009103386130879194
-0.004967036372022529
-0.002822585964952462
-0.008361574564717419
-0.0141614768967335
-5.880670545177869E-4
-0.002575407503641931
-0.009783747595506898
-0.005835495154773916
0.002115557353292561
0.00357424758239481
0.002687849040124623
0.004362209496026863
0.003127996400951764
0.001580728126658276
0.009230685404459925
0.01192821364546548
0.01574846110221676
0.005545028348324409
0.001724530321756908
0.01017577610865368
0.009727635458645563
0.008506954651435993
0.008786800933450398
0.003213089210791427
-0.001070739843114728
0.001588224420664063
0.007612331586610732
0.001995810876139991
-0.002377948471398361
-0.002515191426441731
-0.007053270235143139
-0.007487836750441472
-0.007638955058940317
0.002334535292879354
-0.004283223397251271
-0.01179572509847212
-0.00206629422554842
0.007140175156966483
0.01486517412588229
0.009719317542221332
0.005769312427950734
-0.001263365142122933
-1.462803369025942E-4
-0.002227094157017029
-0.006363868505065613
0.002953245743418261
0.00987244874051638
0.001895204330628159
0.001204250499013078
-0.003430730161878586
-0.002582968502521621
-0.006001672529318551
-0.003216802744417751
0.0109345046483609
0.01191599227872778
0.004897373823091315
0.002614991845189857
-0.007930044743060022
-0.005255903957650219
4.898223180208183E-4
-0.01063963487189883
-0.003403907861032958
7.395873174210334E-5
0.002402733372145737
-0.002227173933648195
-0.0024719130396009
0.003223990890591324
0.004352040468102041
0.0110119932544128
0.003814595320764014
0.003608882950841711
0.0093559220129624
0.0042577280702949
0.007308296659219092
0.001069736252842794
0.008028787875369836
0.01110122567287498
0.01004636605289291
0.01021842429186172
3.018000608931766E-4
0.005552151178754829
0.008059324987430387
0.00443994252920758
0.01003159806689628
0.002260231007227979
-0.006403970512805999
0.004274566576418663
0.006539015907193252
0.002678274434407766
-1.133824270451352E-4
0.004887574361691233
-0.01461570966727154
-0.012496467917359
-0.007638086199711438
-0.008191545802576552
-0.01568704956832989
-0.0108935341799611
-0.01391118139957872
-0.01315937257670382
-0.00466864290068548
-0.004189484727561098
-0.00413734088494245
-0.0017081257708045
0.001215131104134645
-0.003180111833853467
-0.003196118749480552
-0.008134026416241816
-0.009769494367470644
0.006825527175337454
-0.004801839726556227
-0.007972229388662702
0.001512408177575924
0.01027672771217506
0.004123018056778641
-0.006074291655757951
0.001755873416509965
0.003500839007277222
0.008381873286590584
0.006935849703667099
0.01298845147079719
0.00939009586267315
0.00933858277716754
0.007190335383902374
-0.001530510212718688
0.002245052691239627
0.003674611389779073
-0.002409541003133291
0.002345746639465773
0.002058923248959639
0.005934699816328865
0.002780845538556818
-0.00800460209271081
0.007735069759135649
0.003870593721382014
0.008923184872996806
-0.001237826939751649
0.005095025256220658
-8.992831643040191E-4
0.005336307038522865
0.004422042114646873
9.136964583027787E-5
0.001986722636184516
-0.003029840928340782
-0.005844313956905847
-0.00112221579629372
-0.004948747637126202
-0.0064554378181746
-0.00287555787921243
-0.008711051296341282
-0.01410391503881904
-0.009217122525781609
8.545787730435485E-4
0.005352035216579712
0.002920435107773517
-9.87007612541382E-4
-0.002793203332231375
-0.007298945183298917
-0.005803847539773328
-0.003318089849927033
0.006895954761098552
-0.004884320964890029
5.555729454720087E-4
0.004616561503916473
-0.001373480896067595
-0.003164699372078328
-0.002459073363261582
2.460476911767283E-4
-0.006657502675607694
-0.003869487017355701
-0.00376715428841222
-0.002838840158969497
0.01067190476894654
0.004783444456169537
-0.004202242605207277
-0.01548743135584183
-0.01434655565931503
-0.00453908449808132
3.485724174803101E-5
-0.006320281611048713
-0.01221182324334556
-0.01074707773212353
-0.01162401019573565
-4.312250481854001E-4
0.00743418048863787
0.004113010465555545
-0.005945370382675126
-0.008844168909068669
-0.007248824981238082
0.006240073542624727
0.004659679226038377
0.005562956215118259
0.009866385628213552
1.676759389275903E-4
-6.485636167880739E-4
0.003722035049268118
0.007144001594939085
0.007600826499686295
0.007827455329364422
0.009598303026435816
9.080788748028298E-4
0.004414573382442789
0.00461691249219487
0.01075195627698177
0.001147550836997086
-0.001591296116801041
0.001160087267361349
0.01260621308334623
0.007232677523098838
0.001604810702107833
0.001643366840972909
-9.526867716766388E-4
8.81608002341434E-4
-0.008197693925604259
-0.009336344550343488
0.001172463614519953
0.003886056732551994
5.59497308715665E-4
0.001345166875174253
0.01165978175470888
0.003697043307071788
-0.007126022891606649
-1.667791281493466E-4
0.01154699605882075
0.005348744039457602
0.00150930063476837
-0.001109013112378958
0.005466952777968203
0.01035323798481868
0.01264201752114428
0.005792066808711098
-8.076387449712256E-4
8.162350833420619E-4
-0.001576403009530849
-0.00243348469152124
0.002948488193722221
-0.006536623257090366
0.005084590755962269
0.01169247558791639
-0.002356486603509104
-0.004355244726949618
8.2704814820775E-4
-0.00198196002158434
-0.006852583457214274
0.008908405797589985
5.759443152938794E-4
-0.006617558379147994
0.001065726425655483
-0.008865965742921334
-0.01570006656424436
0.001343493802362136
0.005725904099358684
0.01120006169343804
0.01148889646071337
-0.001775041658030516
-0.00861568829125103
-0.01206420131994084
-0.004538670929374149
-0.006452793415804217
-0.005250482269285648
-8.845575050761759E-4
-0.01201844339480566
-0.00785128560104848
0.001971186896805359
0.006761236179035271
0.006673220437464363
-0.002810206433574455
0.004455261607786825
-0.003659150613542983
-0.003864190015529786
-0.01159230547744523
-0.005446926169229644
-0.005744641593544549
-0.004542628772657127
-0.005723289550177265
9.536609325423978E-4
0.005850458853890477
0.01290588918780798
0.01462637607603462
0.01796584438145531
7.350127718673369E-4
-0.007932011215897448
-0.002859667656736921
0.006548821664999377
-0.001326389722956488
0.006218809966925144
-0.00209841853128823
-0.00220998178397161
8.699755410075601E-4
-0.005170525582261495
-0.008393409001598394
-0.01491884638343179
-0.01447427810188759
0.003593439410595126
0.001403466941527373
0.002074472179671337
0.006223933401780207
-1.736495554068654E-5
0.01274366184619291
0.00969697201460068
-0.003259404282276786
0.00720147116417435
-0.001147339661837406
9.839114484500638E-4
-0.00527163234865544
0.00496002891127841
-0.005360748212340615
-7.039219421087738E-4
-1.513935675177432E-4
0.004369772223127522
0.001810423874893882
0.004743161747115567
0.003690712946224719
0.001939876556458134
0.006520867618601617
0.007673175026666543
6.704066015236553E-4
0.01300812570598672
0.00105215451981756
-0.003224055305512432
-0.008360705807910962
-0.01357033732791533
-0.01240698630283443
-0.004431145074182796
-0.01291715743906405
5.003539691236732E-5
8.898207982636887E-4
5.947367222838088E-4
-0.00614585810750682
-4.51714331587866E-4
-8.289604513899849E-4
0.001742105094341068
-0.002390431409856684
-0.007752078615961219
-0.007162274820801376
0.00586847052802024
-9.145008040270943E-4
0.006193214131950991
-0.001966326214969152
1.911437945545918E-4
-0.001712525982678523
-0.005646658494449319
0.00987169186934716
0.008172760006282767
0.0043075873577178
-0.006320423785058698
-0.002015738691988724
-6.687756606282139E-5
-0.003942377638171043
0.008672071917188509
0.00365629284376892
-0.007480339073127345
0.001579359498035126
0.009083724322502955
0.003246265022614656
0.004739390542933097
0.007350481437592757
-0.00720909304829487
-0.004532986404589537
-0.002289578389164136
-0.005774156138724634
0.001123402767705996
-0.002124217023325571
9.670176305978308E-4
0.007615381222031968
-0.002335600631192709
0.001561632748377215
0.01504974810443531
-0.004895764874879437
0.003784464064776534
0.005090368510276859
0.002039510338140954
0.01328832370709876
0.005155922938790156
-0.01692305415114232
-0.008101096415685896
-0.01508297947717643
0.001236858402693812
0.008565837479354558
-0.001140530004708668
-0.009872492887089256
-0.007829914295182771
0.001816797481995315
-0.001701953518241683
-0.002171224143068375
-0.002751867179454043
-1.540882595622054E-4
-0.001323700932751532
0.003555916724722883
-0.002293628453035236
-0.006121466393528847
1.129585960472505E-4
0.001529109244244636
-1.841500987416825E-4
0.002245106780586748
-0.004187405463473523
-0.002081008475601341
-0.001758831675271365
-0.005925443113089797
0.004521757712958234
0.01073851962575304
-0.001474735982180545
-0.006850289364043592
0.001285423087748221
3.242450144629544E-4
6.593387438067423E-4
0.001681837708120538
-0.001162710391692131
0.004873072524399139
0.002897211293665884
-0.001517231334325482
-0.007107815973708912
-0.002745451493034223
0.00833457395975519
-0.001359298114153446
-0.007531778226454263
-0.007870155455043147
-3.887556706567312E-4
0.009700482945083567
0.002688164747814567
-0.005350628612642646
-0.006106347484706785
-0.002483538991823831
-0.006396966855442535
0.01024194580892457
0.002261330643085976
-0.009292232999454517
0.004067751300590536
0.005478428618423238
-0.01023068185385791
-0.00260676924045414
-0.007313556784391744
0.008815607700465019
0.003170304811519594
-0.007040481865411359
0.002060516567956045
0.002221549016277324
0.002742676736542844
-0.008176358658088955
-0.004145163609586915
-0.00413280391647799
0.002602966648506391
-0.003780633760655666
-0.001299828547961577
-0.001021726549375761
-0.001758818968281096
3.033282673559105E-4
-0.00168010044877258
-0.001452909101458928
-0.001225195736707563
-0.001717902337977525
0.006121115906854623
0.006064716247501067
-6.467261075463487E-4
-4.648810539139137E-4
0.004553465748692071
-0.002382652972708776
0.00605941594906219
0.004378073525681757
-0.003615239615763434
-0.005347023572595745
-0.003048000678880984
0.002046928910918564
0.008320515402758846
0.003410489847126301
-0.003308284949965238
-8.263737056579861E-4
0.006002407585851369
-0.004631082517609886
0.001149835640452951
0.004785674265564963
0.007285706759192505
-0.003135339597679013
-0.008115628428153136
-1.670304838275806E-5
-0.008126780267490011
-0.00887741736305975
0.002938988813089358
0.003166387114930609
-3.123722235272076E-4
-0.004667529141803438
-0.01368852631307172
-0.01048830046529342
-0.01024255395812991
-0.002054119117250511
0.01042826425586566
0.001353619489757213
-0.00480048337113734
-0.002838764758186764
0.004298203103655827
-0.003469197254827307
0.002286640257875581
0.004927748329412252
0.001841185419780701
-0.003009575271187578
-0.002765206766181414
-0.003509352415370661
0.006163555910526161
0.004731945419791533
-0.002189164120817434
-0.002882800359945814
0.007505553871183839
1.706852586998547E-4
0.003609658192178008
0.00674327464409563
0.004879652428533546
-0.001441387958909161
0.003391106667717856
0.01290551711151002
0.007021214364622974
0.004035574174317115
0.003605341245713167
-0.001071302627637488
0.00186369788024918
0.01459631278726944
-9.03525334838769E-4
0.006675766880929898
0.008069742080987532
0.003075895196389218
-0.003960019353666873
0.005352902139150862
0.008267446953989979
0.01058299159577251
0.007426793685426142
0.002288666355925602
0.001046097908064509
-0.005707434935203449
0.001886165287430052
6.955942865673742E-4
-0.009513611402777043
-2.903239480508601E-4
-7.000303178221029E-4
-0.008058876655383752
2.41262374541643E-4
0.00184531315812054
-0.002768253368577737
-0.002653360955527574
-0.004439956111851627
-0.002445387081342818
-0.003296574350120266
-0.006965539986219449
-0.004783130756411708
0.001350590374112724
-0.002758488004951171
-0.005099973038770207
-0.003206394058823653
-9.114605519544891E-4
6.375310806156484E-4
-0.001841277580296432
9.792732063544926E-4
0.007571448723170557
0.01304829151340777
0.006823684530111995
0.003328632330908384
-0.004997804187919984
0.003407407945746406
-0.001519958292315134
0.003812488072499156
0.001335669076410575
7.256961484554227E-4
0.007170540279756255
-0.003435889744475513
-0.0154015695904135
0.006701304234403972
0.006985881691776461
0.001430228145117772
1.234100220542287E-4
0.007184349013264871
0.01380780640110713
0.005225639524147658
0.002363787601558047
0.002980795240515462
0.004852416144011625
-4.758019137180732E-4
